mtx: !!opencv-matrix
    rows: 3
    cols: 3
    dt: d
    data:
        [
            8.6175611023603130e+02,
            0.,
            6.4220317156609758e+02,
            0.,
            8.6411314484767183e+02,
            3.4611059418088462e+02,
            0.,
            0.,
            1.,
        ]
newmtx: !!opencv-matrix
    rows: 3
    cols: 3
    dt: d
    data:
        [
            9.3502383176969920e+02,
            0.,
            6.3950000000000000e+02,
            0.,
            9.3758126479281555e+02,
            3.5950000000000000e+02,
            0.,
            0.,
            1.,
        ]
dist: !!opencv-matrix
    rows: 1
    cols: 14
    dt: d
    data:
        [
            6.4704736326069179e-01,
            6.9842325204621162e+01,
            -3.8446374749176787e-03,
            -6.5685769622407693e-03,
            3.3239962207009803e+01,
            5.0824354805695138e-01,
            6.9018441628550974e+01,
            3.1191976852198923e+01,
            0.,
            0.,
            0.,
            0.,
            0.,
            0.,
        ]
dist5: !!opencv-matrix
    rows: 1
    cols: 5
    dt: d
    data:
        [
            2.1160596938860202e-01,
            -7.6467079200433918e-01,
            -3.8735303525177320e-03,
            -6.5906939928791564e-03,
            1.0070320293354773e+00,
        ]
resolution: !!opencv-matrix
    rows: 2
    cols: 1
    dt: i
    data: [1280, 720]
deg_to_pixels_poly: !!opencv-matrix
    rows: 3
    cols: 1
    dt: d
    data:
        [
            7.8409266625822684e-03,
            -5.4883292687696220e-02,
            1.5310319262380693e+01,
        ]
